TYPE: 227
LEVEL: 23, H
0.0,50.0,100.0,150.0,200.0,250.0,300.0,350.0,400.0,450.0,500.0,550.0,600.0,700.0,800.0,900.0,1000.0,1200.0,1400.0,1600.0,1800.0,2000.0,2500.0,3000.0
FCSTHHMM:  13
0000,0100,0200,0300,0400,0500,0600,0700,0800,0900,1000,1100,1200
NUMVAR: 2
U,V

TYPE:  120
LEVEL: 20, P
1000.0,950.0,900.0,850.0,800.0,750.0,700.0,650.0,600.0,550.0,500.0,450.0,400.0,350.0,300.0,250.0,200.0,150.0,100.0,50.0,30.0
FCSTTIME: 13
0000,0100,0200,0300,0400,0500,0600,0700,0800,0900,1000,1100,1200
NUMVAR: 4
T,Q,U,V

TYPE:  187
LEVEL: 1 A
1000.0
FCSTTIME: 13
0000,0100,0200,0300,0400,0500,0600,0700,0800,0900,1000,1100,1200
NUMVAR: 6
T,Q,U,V,P,H
